A = [2 2 -2; -5 0 10; -18 10 46; -4 12 20];

b = [2; 5; 38; 28];

c = [30; -38; 93; 65];

rref([A b])