A=[1 -4 2; 5 -21 -4; 2 5 -2]
B=[18; 37; -27]

A\B